Juan Gómez 10101010 1 3.5 5 3 17 4 28 6 
María Pérez 20202020 2 4.0 6 4 18 5 29 7
Carlos López 30303030 3 3.8 7 5 19 6 30 8
Ana Torres 40404040 4 3.6 8 6 20 7 31 9
Luis Martínez 50505050 5 3.9 9 7 21 8 32 10
Sofía Ramírez 60606060 6 4.1 10 8 22 9 33 11
Pedro Sánchez 70707070 7 3.7 11 9 23 10 34 12
Laura Fernández 80808080 8 4.2 12 10 24 11 35 13
Jorge Herrera 90909090 9 3.4 13 11 25 12 36 14
Elena Morales 10101011 10 3.3 14 12 26 13 37 15
Ricardo Vargas 11111111 11 3.6 15 13 27 14 38 16
Gabriela Soto 12121212 12 3.8 16 14 28 15 39 17
Fernando Ruiz 13131313 13 4.0 17 15 29 16 40 18
Patricia León 14141414 14 3.7 18 16 30 17 41 19
Miguel Castro 15151515 15 3.9 19 17 31 18 42 20
Andrea Silva 16161616 16 4.1 20 18 32 19 43 21
Héctor Gómez 17171717 17 3.5 21 19 33 20 44 22
Claudia Rojas 18181818 18 3.4 22 20 34 21 45 23
Diego Ortega 19191919 19 3.6 23 21 35 22 46 24
Isabel Peña 20202021 20 3.8 24 22 36 23 47 25
Manuel Torres 21212121 21 4.0 25 23 37 24 48 26
Rosa Méndez 22222222 22 3.7 26 24 38 25 49 27
Javier López 23232323 23 3.9 27 25 39 26 50 28
Carmen Díaz 24242424 24 4.2 28 26 40 27 51 29
Luis Herrera 25252525 25 3.5 29 27 41 28 52 30
Natalia Vargas 26262626 26 3.3 30 28 42 29 53 31
Francisco Reyes 27272727 27 3.6 31 29 43 30 54 32
Adriana Cruz 28282828 28 3.8 32 30 44 31 55 33
José Morales 29292929 29 4.0 33 31 45 32 56 34
Lucía Vega 30303031 30 3.7 34 32 46 33 57 35
Mario Sánchez 31313131 31 3.9 35 33 47 34 58 36
Paula Flores 32323232 32 4.1 36 34 48 35 59 37
Ángel Ramos 33333333 33 3.5 37 35 49 36 60 38
Carolina Ortiz 34343434 34 3.4 38 36 50 37 61 39
Sebastián Pérez 35353535 35 3.6 39 37 51 38 62 40
Valeria Jiménez 36363636 36 3.8 40 38 52 39 63 41
Tomás Aguilar 37373737 37 4.0 41 39 53 40 64 42
Mónica Navarro 38383838 38 3.7 42 40 54 41 65 43
Raúl Vargas 39393939 39 3.9 43 41 55 42 66 44
Elisa Romero 40404041 40 4.2 44 42 56 43 67 45
Pablo Guzmán 41414141 41 3.5 45 43 57 44 68 46
Daniela Paredes 42424242 42 3.3 46 44 58 45 69 47
Hugo Mendoza 43434343 43 3.6 47 45 59 46 70 48
Mariana Salas 44444444 44 3.8 48 46 60 47 71 49
Óscar Rivera 45454545 45 4.0 49 47 61 48 72 50
